('D = ', [-0.1681964727004028, 0.16752713354261198, 0.003364566157572086, 0.0021929917257948917, 0.0])
('K = ', [4590.263940042073, 0.0, 1316.73840254237, 0.0, 4588.185752804527, 1247.685802373816, 0.0, 0.0, 1.0])
('R = ', [1.0, 0.0, 0.0, 0.0, 1.0, 0.0, 0.0, 0.0, 1.0])
('P = ', [4540.99755859375, 0.0, 1322.3484226678847, 0.0, 0.0, 4541.18017578125, 1253.2816523958754, 0.0, 0.0, 0.0, 1.0, 0.0])
None
# oST version 5.0 parameters


[image]

width
2056

height
2056

[narrow_stereo]

camera matrix
4590.263940 0.000000 1316.738403
0.000000 4588.185753 1247.685802
0.000000 0.000000 1.000000

distortion
-0.168196 0.167527 0.003365 0.002193 0.000000

rectification
1.000000 0.000000 0.000000
0.000000 1.000000 0.000000
0.000000 0.000000 1.000000

projection
4540.997559 0.000000 1322.348423 0.000000
0.000000 4541.180176 1253.281652 0.000000
0.000000 0.000000 1.000000 0.000000

