image_width: 2452
image_height: 2056
camera_name: camera_link
camera_matrix:
  rows: 3
  cols: 3
  data: [4428.909023599089, 0, 1484.367024136436, 0, 4423.110140531775, 875.5617331488426, 0, 0, 1]
distortion_model: plumb_bob
distortion_coefficients:
  rows: 1
  cols: 5
  data: [-0.242453476175875, -0.084490938797743, -0.00562772030387404, 0.005801573743252728, 0]
rectification_matrix:
  rows: 3
  cols: 3
  data: [1, 0, 0, 0, 1, 0, 0, 0, 1]
projection_matrix:
  rows: 3
  cols: 4
  data: [4316.1591796875, 0, 1501.409907366353, 0, 0, 4352.3251953125, 867.0049889709044, 0, 0, 0, 1, 0]