image_width: 2452
image_height: 2056
camera_name: camera_link
camera_matrix:
  rows: 3
  cols: 3
  data: [4428.909024, 0.000000, 1484.367024, 0.000000, 4423.110141, 875.561733, 0.000000, 0.000000, 1.000000]
distortion_model: plumb_bob
distortion_coefficients:
  rows: 1
  cols: 5
  data: [-0.242453, -0.084491, -0.005628, 0.005802, 0.000000]
rectification_matrix:
  rows: 3
  cols: 3
  data: [1.000000, 0.000000, 0.000000, 0.000000, 1.000000, 0.000000, 0.000000, 0.000000, 1.000000]
projection_matrix:
  rows: 3
  cols: 4
  data: [4316.159180, 0.000000, 1501.409907, 0.000000, 0.000000, 4352.325195, 867.004989, 0.000000, 0.000000, 0.000000, 1.000000, 0.000000]
