# oST version 5.0 parameters


[image]

width
2056

height
2056

[narrow_stereo]

camera matrix
4590.263940 0.000000 1316.738403
0.000000 4588.185753 1247.685802
0.000000 0.000000 1.000000

distortion
-0.168196 0.167527 0.003365 0.002193 0.000000

rectification
1.000000 0.000000 0.000000
0.000000 1.000000 0.000000
0.000000 0.000000 1.000000

projection
4540.997559 0.000000 1322.348423 0.000000
0.000000 4541.180176 1253.281652 0.000000
0.000000 0.000000 1.000000 0.000000

