image_width: 2056
image_height: 2056
camera_name: narrow_stereo
camera_matrix:
  rows: 3
  cols: 3
  data: [4590.263940, 0.000000, 1316.738403, 0.000000, 4588.185753, 1247.685802, 0.000000, 0.000000, 1.000000]
distortion_model: plumb_bob
distortion_coefficients:
  rows: 1
  cols: 5
  data: [-0.168196, 0.167527, 0.003365, 0.002193, 0.000000]
rectification_matrix:
  rows: 3
  cols: 3
  data: [1.000000, 0.000000, 0.000000, 0.000000, 1.000000, 0.000000, 0.000000, 0.000000, 1.000000]
projection_matrix:
  rows: 3
  cols: 4
  data: [4540.997559, 0.000000, 1322.348423, 0.000000, 0.000000, 4541.180176, 1253.281652, 0.000000, 0.000000, 0.000000, 1.000000, 0.000000]
